1013 2000 587 851.6669677857 0.0049433898
1078 1999 306 436.8712838092 0.0093313672
1078 2006 306 868.5324008702 0.0185514477
1078 2001 306 629.6294839284 0.0134485926
1078 2004 306 740.1920173333 0.0158101568
1602 2005 955 3101.7235530339 0.0068018463
1602 2004 955 2726.8223530509 0.0059797162
1651 2003 176 48.5347834056 0.0031338036
1913 1999 126 11.9996166627 0.0015117627
2086 1999 603 590.6835676517 0.0032490130
2086 2002 603 969.1418512218 0.0053306960
2411 2004 1 0.0000000000 1.0000000000
2504 1999 247 186.6473835552 0.0061187839
2751 2004 133 34.7545000026 0.0039297264
2942 2001 133 28.3796167193 0.0032089119
3011 2002 557 2785.9908532569 0.0179597667
3011 2000 557 2633.9583194008 0.0169796957
3116 2005 489 1766.4676518378 0.0147747378
3310 2000 767 1916.9328857887 0.0065169879
3336 2000 172 60.2634500533 0.0040741946
3336 1999 172 56.6089333908 0.0038271259
3504 2004 627 533.2914338887 0.0027130677
3580 2003 111 11.0111499931 0.0017875243
3980 1999 220 47.5326834010 0.0019642011
4066 1999 166 30.1358167077 0.0021873211
4145 1999 183 32.0812500243 0.0019159848
4145 2001 183 60.7214166786 0.0036264582
4213 2004 41 1.7459333338 0.0020784921
4245 2000 1 0.0000000000 1.0000000000
4321 1999 259 39.7498334255 0.0011851471
4439 2006 1 0.0000000000 1.0000000000
4675 1999 434 1140.6710015741 0.0121119270
5020 2006 651 3172.9809029064 0.0149739542
5180 2006 1 0.0000000000 1.0000000000
5492 2001 235 85.4965001472 0.0030963530
5606 2001 316 270.1362338137 0.0054105700
5606 2006 316 118.4031001384 0.0023715007
5988 2002 1 0.0000000000 1.0000000000
6008 2001 760 1256.5877016882 0.0043510730
6008 1999 760 1155.5117679669 0.0040010865
6066 1999 411 163.1193835730 0.0019313211
6066 2005 411 215.3537836548 0.0025497725
6066 2001 411 233.9369669804 0.0027697960
6097 2003 98 76.9603501240 0.0160283974
6266 2001 342 744.5495175617 0.0127313683
6266 1999 342 512.3072340988 0.0087601589
6266 2005 342 967.5980675657 0.0165453702
6266 2002 342 769.7315346027 0.0131619663
6266 2003 342 784.0581510505 0.0134069432
6266 2006 342 1052.3442342778 0.0179944809
6304 2007 507 487.5917839212 0.0037937800
6509 2000 303 254.9441170570 0.0055538541
6730 2006 635 2513.9551685740 0.0124692735
6922 2002 242 310.7451837143 0.0106123383
7251 2001 641 1120.9293848647 0.0054562373
7257 2006 532 2111.2953514791 0.0149196027
7257 1999 532 780.9679841116 0.0055187598
7257 2001 532 1206.8373177684 0.0085281925
7435 2000 38 1.8770833349 0.0026016401
7504 2005 679 3071.1004529941 0.0133224903
7526 1999 875 2655.9716864170 0.0069380575
7585 1999 237 90.4372333906 0.0032202405
7585 2006 237 161.0055002299 0.0057329974
7585 2003 237 148.5827834833 0.0052906560
7773 1999 43 3.8806666542 0.0041998557
7980 1999 368 208.4958169202 0.0030791788
7985 2006 220 42.0849833540 0.0017390848
8169 2008 1 0.0000000000 1.0000000000
8530 2002 624 1945.6614687258 0.0099937668
8530 1999 624 1655.1570686496 0.0085016093
8530 2005 624 2369.8921353389 0.0121728007
8530 2003 624 1854.9446852821 0.0095278058
8546 2007 1 0.0000000000 1.0000000000
8606 2004 91 7.2635000111 0.0017544686
8867 2006 268 118.4666001689 0.0032988486
9098 2003 1 0.0000000000 1.0000000000
9340 2002 581 2467.5364195352 0.0146198390
9372 2004 344 214.0167168869 0.0036171330
9715 2002 550 768.1086678999 0.0050784212
9899 2000 340 266.9257169159 0.0046181319
10115 2000 224 206.0834503090 0.0082145870
10232 2000 252 194.8433002725 0.0061365069
10420 2004 603 517.1242008338 0.0028444050
10453 2001 393 347.4597838433 0.0044993756
10453 2007 393 491.1669838769 0.0063602893
10530 1999 149 34.3654000440 0.0030959820
10540 2007 85 3.0168666633 0.0008352344
10553 2004 1309 1630.4071025482 0.0019030360
10787 2000 97 10.8958000102 0.0023162840
10787 1999 97 10.9108333623 0.0023194799
10983 1999 154 29.7383166633 0.0025079753
11040 1999 391 2510.2985028964 0.0328401165
11288 1999 51 18.3639666971 0.0141261282
11465 2005 173 34.0055500172 0.0022724906
11793 2000 496 2794.1563529430 0.0227153332
11910 2002 1065 2492.3105371703 0.0043947413
12053 1999 595 663.3184342496 0.0037473077
12053 2006 595 248.5934836526 0.0014043877
12053 2003 595 382.5137339022 0.0021609480
12124 2004 1037 11018.6115388062 0.0204927272
12136 2005 635 272.1220503630 0.0013497314
12141 2002 1257 2528.5945540423 0.0032006554
12142 2003 1191 1744.7200695297 0.0024599854
12142 2005 1191 954.6628180602 0.0013460363
12142 2007 1191 586.7158675552 0.0008272459
12142 2006 1191 732.4103676196 0.0010326693
12180 2003 779 2788.2400031777 0.0091893745
12206 2000 149 17.4929499752 0.0015759414
12233 2003 884 2904.5737532931 0.0074337582
12233 2005 884 3203.6891699297 0.0081992928
12233 2004 884 2798.7770531598 0.0071629897
12233 2001 884 3487.4310871522 0.0089254815
12718 2003 1149 1884.2293364333 0.0028544604
12796 2002 1131 22394.4053578816 0.0350142365
13197 1999 60 24.3838333692 0.0135503381
13365 2001 511 2300.1718357418 0.0176177377
13421 2002 601 983.2096179377 0.0054441286
13440 2006 258 161.9920168159 0.0048673292
13440 2002 258 296.2135503922 0.0089002464
13599 2007 929 3994.8657206781 0.0092576606
13623 2003 197 131.2032835276 0.0067616617
13824 2002 256 219.9069002532 0.0067111284
14261 2000 1 0.0000000000 1.0000000000
14561 1999 229 79.5759168169 0.0030349320
15290 2003 20 1.6721333283 0.0083816207
15293 1999 217 198.9673169296 0.0084508714
15803 2004 723 2343.3623356936 0.0089658956
15855 2000 892 2265.7719862239 0.0056953056
16436 2001 1 0.0000000000 1.0000000000
16710 2001 933 2000.9580193769 0.0045973248
17079 1999 495 1140.2145680177 0.0093069623
17080 2006 709 441.4325172442 0.0017563162
17110 2001 220 188.7032835481 0.0077978175
20779 2005 1200 1143.5486184381 0.0015882631
20779 2000 1200 2653.7246532418 0.0036857312
20779 2004 1200 1416.6651187854 0.0019675918
20904 2007 455 416.2728837305 0.0040214940
22815 2006 213 91.0085500555 0.0040120151
23671 2005 1 0.0000000000 1.0000000000
23671 2000 1 0.0000000000 1.0000000000
23671 2006 1 0.0000000000 1.0000000000
23671 2007 1 0.0000000000 1.0000000000
23945 2000 761 3004.6130532745 0.0103764783
23945 2003 761 2777.8503864527 0.0095933499
24008 1999 647 2942.0917867313 0.0140565483
24008 2001 647 3286.9666534803 0.0157042706
24344 2001 966 3402.2526202996 0.0072919346
24352 2004 1084 1365.6676352674 0.0023244319
24409 2005 1127 1051.0094183423 0.0016549661
24409 2002 1127 2445.2816038582 0.0038504491
24468 2003 898 2794.3197364070 0.0069303307
24856 2002 905 3181.5982538218 0.0077692430
24975 2001 803 1779.0811690354 0.0055181734
24975 2005 803 840.4067012341 0.0026066882
24975 2004 803 952.0689846916 0.0029530309
25279 2004 541 1134.8457678558 0.0077548570
25279 2001 541 1447.1456684788 0.0098889276
25774 2003 765 1077.2759182943 0.0036815849
25807 2003 17 2.0867999954 0.0144916666
25906 1999 834 2933.2647033708 0.0084343142
25944 2003 702 1353.0616024334 0.0054912880
25976 2002 725 1272.6104184435 0.0048422843
27845 2006 662 2724.9504357753 0.0124357967
27882 2000 87 13.7305666784 0.0036285853
27903 1999 516 1314.5961515876 0.0098747152
28139 2001 315 191.2006169984 0.0038539187
28145 1999 1194 3020.7966208072 0.0042378261
28881 1999 1081 3093.1411209856 0.0052939363
29085 2001 519 779.8843010110 0.0057906467
29241 2005 1179 1028.6725015157 0.0014800617
29241 1999 1179 2454.6640201437 0.0035317890
29353 2000 90 9.0157500083 0.0022263860
29386 2001 606 729.6655342928 0.0039738344
29642 1999 81 197.1749334114 0.0601143090
29955 1999 628 2257.7951857712 0.0114497592
30098 2005 91 8.2430333569 0.0019910709
30137 2005 901 3109.1975864230 0.0076600088
31477 2001 353 310.5373004490 0.0049842273
31530 1999 312 510.0932338107 0.0104803270
61398 2004 501 579.1101007454 0.0046144231
61439 1999 306 115.6160335335 0.0024695046
61439 2001 306 109.3792001030 0.0023362888
61498 2003 767 1274.3840522597 0.0043325176
61562 2000 344 271.3092336764 0.0045854436
61646 1999 837 1620.9985353837 0.0046276694
61676 2001 1439 3591.0219716486 0.0034683801
61685 2003 797 1381.9315022829 0.0043511149
61706 2000 513 1729.8700350647 0.0131465074
61706 1999 513 1772.5294351481 0.0134707064
62391 2001 608 772.4796180295 0.0041793721
62599 1999 646 852.5128344806 0.0040857042
62599 2000 646 1211.1924682048 0.0058046917
62634 2002 666 828.0845511297 0.0037338529
62634 2003 666 584.8016341848 0.0026368844
62730 2001 1040 2426.5874200169 0.0044870371
62784 2001 818 3537.4556538512 0.0105734092
62784 1999 818 3194.5606703259 0.0095485006
63117 1999 293 662.4160507055 0.0154323001
63442 2000 138 190.5235336632 0.0200098234
63959 2008 54 4.5450166654 0.0031183648
64356 2002 441 479.9825339920 0.0049360606
64606 2005 758 875.8205513111 0.0030486493
65068 1999 490 681.1956175377 0.0056742895
65142 2007 181 110.4312834704 0.0067418366
65368 1999 617 2178.6533693366 0.0114458736
65578 1999 641 3098.8101703657 0.0150837722
65578 2000 641 3164.5579535104 0.0154038062
66507 2001 370 738.3196178498 0.0107863406
100572 2000 1 0.0000000000 1.0000000000
101076 2002 1 0.0000000000 1.0000000000
101317 2002 1 0.0000000000 1.0000000000
101352 1999 1 0.0000000000 1.0000000000
102696 2001 162 55.0611166973 0.0041962517
105872 2002 1 0.0000000000 1.0000000000
109425 2004 340 380.9221337473 0.0065904053
111492 2004 654 2671.9091863949 0.0124938765
111965 2003 811 2914.7870533906 0.0088633067
113498 2000 325 246.4352503508 0.0046662738
117768 2000 513 562.1198337708 0.0042719467
118577 2005 365 1390.5377845373 0.0208751844
121053 1999 529 865.3270179002 0.0061844412
121257 2002 892 2387.0183869648 0.0060000739
122436 2001 392 1116.4510518142 0.0145311630
124198 2001 628 899.7407671241 0.0045627766
125595 2000 797 1161.7042513831 0.0036577129
125604 2002 44 3.4831833159 0.0036001895
126320 2000 205 171.4110501839 0.0081577694
126461 2000 1 0.0000000000 1.0000000000
126554 2000 285 164.1980668414 0.0040430924
126554 2009 285 297.5193336860 0.0073258971
126554 2007 285 320.9491002649 0.0079028144
126615 2008 566 365.0382004562 0.0022789605
126721 2004 138 33.6751667009 0.0035367502
126734 2002 203 104.1372500757 0.0050542249
126734 2000 203 63.2069166573 0.0030677013
127455 2006 323 884.4819507764 0.0169557923
129466 2001 765 2543.3336692067 0.0086918297
132502 2003 556 1003.2044015049 0.0064903968
133885 2000 766 1571.1905516678 0.0053555251
134308 2004 633 2317.7548859729 0.0115688760
136725 2003 471 733.8779509444 0.0066162816
136884 2003 776 2640.7667195864 0.0087707617
137572 2001 362 770.1336344100 0.0117539073
138129 2004 434 1541.0553017728 0.0163633065
138347 2002 298 517.7175173640 0.0116599105
138744 2000 1 0.0000000000 1.0000000000
141469 2002 264 799.0135508392 0.0229288629
144436 2005 200 144.3161667982 0.0072159887
146156 2007 251 256.6962504664 0.0081490873
148870 2004 218 164.5217668816 0.0069238797
148870 2007 218 274.9307503275 0.0115704291
150937 2005 202 187.5148168770 0.0091912270
163680 2008 605 6211.9761697096 0.0339429992
212340 2005 743 2992.7292695034 0.0108422792
221237 2005 1 0.0000000000 1.0000000000
221237 2003 1 0.0000000000 1.0000000000
260893 2008 233 125.9667002240 0.0046406830
