1244 166 164.7556834881 0.0119583149
1281 130 60.5029000448 0.0071605302
1359 352 2337.9570524804 0.0377385060
1651 176 36.2670667231 0.0023416992
2226 530 2672.1752863584 0.0190258797
2246 86 17.1297333618 0.0046327879
2267 43 5.4302833514 0.0058769300
2891 188 242.8090668957 0.0137401503
3172 306 1745.7810518365 0.0372890704
3277 534 649.3388008370 0.0045542866
3282 342 301.3594504031 0.0051530732
3736 57 6.1979000166 0.0038164409
3760 334 505.5831506817 0.0090642849
3769 423 945.9280348127 0.0105732813
3798 348 404.1072672276 0.0066737780
4132 184 44.8706333675 0.0026507537
4374 36 2.4232666672 0.0037424968
4456 261 178.9677668691 0.0052544852
5063 154 140.2306335171 0.0118263237
5122 53 9.8011166740 0.0069808523
6096 62 13.3316333606 0.0069381386
6571 101 3.7600833487 0.0007372712
6876 18 1.2928833310 0.0080054695
7123 228 120.4964500772 0.0046359945
7139 87 6.2873833513 0.0016615707
7503 543 3027.0994032867 0.0205332877
7536 244 1119.6114677917 0.0376118743
7640 600 1926.1102357852 0.0107006421
7718 24 1.1190833271 0.0038924637
8163 90 29.6897500677 0.0073317076
8658 346 875.9879510800 0.0146345563
9051 127 84.0736502880 0.0104257999
9120 369 2785.8574198013 0.0409203499
9313 58 8.2074333237 0.0048810189
9483 301 129.5124334776 0.0028589941
10010 202 214.9565169149 0.0105363094
10071 421 1499.9960185460 0.0169261568
10092 5 0.0325999998 0.0027166666
10163 128 24.8408500390 0.0030325154
10321 391 1795.8519682132 0.0234936155
10422 383 787.1134344250 0.0107318040
10541 68 7.7142000137 0.0033373134
11288 51 18.3639666971 0.0141261282
11722 25 0.8402499974 0.0026931090
12397 367 2660.1378027366 0.0395007395
12580 251 1259.7227010995 0.0399911969
13096 97 64.7556334500 0.0137660785
13308 383 2720.4639696935 0.0370918408
13315 406 713.9196676221 0.0086622340
13474 41 6.7478999849 0.0080332143
13608 503 867.5317343100 0.0068577415
14897 229 228.8619835709 0.0087285272
15315 212 149.9634168466 0.0066734938
17764 433 3012.2674702255 0.0321329095
20903 442 1473.4772185945 0.0150845065
20907 347 2641.9980030608 0.0438840941
20969 468 850.4382010747 0.0077657433
20982 774 2782.4611204520 0.0092891912
21507 271 173.8632835194 0.0047348389
21685 658 2743.2715196803 0.0126720829
22170 734 7073.4980683875 0.0262586818
22823 420 657.7382674295 0.0074573922
24110 693 3335.0730366204 0.0138889617
24220 536 3403.9735704433 0.0236967129
24338 32 18.7182666765 0.0365948518
24345 72 190.0693667120 0.0733433790
24486 132 45.7734000546 0.0052543649
24845 453 2584.8536028872 0.0251925227
24877 513 2890.7582032533 0.0219689187
24881 577 2859.2739866176 0.0171765306
24908 344 2426.9520357450 0.0410183299
25115 650 1565.9451854697 0.0074127758
25164 53 6.3172833292 0.0044994896
25390 157 51.5190333497 0.0041803825
25441 40 8.6007833650 0.0107577028
25523 543 3405.8445870758 0.0231023754
25944 702 1353.0616024334 0.0054912880
27940 741 2685.2439870615 0.0097808843
28325 1138 1117.8697850725 0.0017263825
28337 87 23.8611500299 0.0063058007
28848 388 939.3981179348 0.0124801302
28937 461 2146.3885857951 0.0201994032
29069 74 73.1625167708 0.0267260335
29092 15 0.8419333393 0.0075172620
29095 759 556.0966507416 0.0019306230
29390 592 2845.0546532063 0.0162359773
29396 761 2409.9484362375 0.0083227947
29414 2 0.0101666666 0.0067777777
29436 664 1421.0693687467 0.0064462939
29643 461 2983.6401699281 0.0280786765
29822 193 178.1891003007 0.0095677137
30031 179 143.9935168121 0.0089883594
30034 670 2773.3745204520 0.0123563408
30061 9 0.1201000014 0.0030025000
30203 467 1471.1747185566 0.0134915696
30352 662 3127.8741031122 0.0142746107
30546 420 2011.2359186743 0.0228032576
30742 374 2866.6628198036 0.0409889233
30781 239 231.3166669330 0.0080993231
30844 309 452.9952339905 0.0094887984
31166 440 1200.9611178861 0.0124066872
31168 744 501.2208006961 0.0018109814
31465 297 1389.1591684236 0.0314973510
31666 631 2320.3995864541 0.0116556138
31722 277 534.9233838165 0.0139433684
60797 497 1110.4730681183 0.0089913935
60822 248 416.2895671650 0.0135372118
60901 473 1095.7566850096 0.0097954363
60933 686 2331.6563031705 0.0099093968
60958 464 3088.4289869328 0.0286902063
61048 328 484.5317172375 0.0090075889
61401 749 696.9903845061 0.0024848142
61500 395 2122.4393025546 0.0272065747
61560 396 351.5579170824 0.0044837282
61601 457 2966.6102532729 0.0284092762
61603 105 91.6209667629 0.0166220912
61642 1014 3245.1658042654 0.0063123548
61684 300 345.5972337970 0.0076800239
61723 486 2980.9398868262 0.0252413462
61731 127 269.3298670933 0.0333990411
62005 941 1820.3522531563 0.0041115604
62336 695 2492.3770860086 0.0103198892
62338 237 597.5209505571 0.0212762053
62372 495 1723.5853686403 0.0140687065
62526 507 2624.0241529354 0.0204166082
62535 404 2781.9474861565 0.0340893605
62550 301 417.3509171987 0.0092130445
62581 680 1985.1822858428 0.0085864471
62593 131 174.2213835835 0.0203055226
62632 659 3267.6881698438 0.0150487620
62690 655 2605.5566367203 0.0121464377
62705 539 2685.4412699125 0.0184871353
62738 246 235.9382836466 0.0077976794
62753 616 2626.7468203027 0.0138448397
62821 704 3214.1472866109 0.0129703390
62833 377 1918.6838358275 0.0269993785
62838 381 2897.6950032648 0.0399241527
62859 352 555.7328842177 0.0089704508
62925 892 2755.4675206342 0.0069262176
63003 295 1092.9728348525 0.0251188829
63004 570 2639.0633364733 0.0162454383
63021 247 575.2059174444 0.0188567374
63038 469 2284.5015194032 0.0207719724
63051 410 1694.4867515600 0.0201605810
63140 275 801.2536842460 0.0211904603
63180 753 777.6188345406 0.0027428849
63462 478 346.2036003124 0.0030304539
63589 530 1657.8664022693 0.0118040036
63617 578 2313.2679020993 0.0138484622
63644 589 288.4318003602 0.0016628145
63652 307 672.4965173152 0.0142707860
63678 445 386.7348172217 0.0039059388
63804 657 3155.2604698413 0.0146195996
63827 94 20.2985000285 0.0045950198
63934 422 3011.8428531614 0.0338251585
63941 521 3033.4023201886 0.0223504444
64099 885 878.7548346250 0.0022439426
64128 6 0.3889666672 0.0222266667
64145 499 1276.0094018347 0.0102490715
64299 460 3072.4428533696 0.0290402398
64375 774 3863.8358203451 0.0128993392
64412 526 2623.9086529176 0.0189674430
64497 405 1186.4288179769 0.0144665271
64542 534 3100.0033028518 0.0217425842
64606 758 459.8107840400 0.0016005583
64680 409 1539.4961683378 0.0184062191
64682 135 171.4198502772 0.0188125384
64914 665 2101.9271527566 0.0095061650
64931 348 2408.6249522070 0.0397781220
64936 45 12.5567500450 0.0124078558
64984 285 489.1702504769 0.0120449682
65217 101 56.4827167437 0.0110750425
65264 347 771.1422176925 0.0128088203
65295 371 2802.7287364965 0.0407254975
65466 809 1633.7108694565 0.0049923936
65716 167 183.0174835132 0.0131251781
65766 441 1327.5290183044 0.0136520878
65880 303 608.4690675828 0.0132552516
66021 47 21.5856666953 0.0195522343
66027 555 3373.8800872277 0.0219066052
66101 31 23.3985500354 0.0487469792
66416 306 1834.9712685265 0.0391941319
66468 884 1028.4958848623 0.0026322588
66582 997 1306.7114687341 0.0026291770
66658 213 884.3727839991 0.0389866330
109423 243 246.8180337671 0.0083599117
110160 574 1479.4613191829 0.0089807197
110773 317 2223.0666690334 0.0442454158
111488 942 2770.0404543399 0.0062433084
111492 654 2671.9091863949 0.0124938765
112001 477 3071.9107036692 0.0270024850
112178 590 3085.9931198526 0.0177305486
115245 213 199.3332336954 0.0087873935
115750 430 2790.0293864372 0.0301789559
117905 515 551.4729006788 0.0041585445
118446 504 1684.6409358118 0.0132641059
119081 294 410.2704340174 0.0094931552
119214 162 198.1055336723 0.0150977810
119216 58 10.7134000194 0.0063713351
120300 658 766.0766176536 0.0035387625
120595 529 464.1985672289 0.0033175998
120818 186 191.1574503843 0.0110511606
121436 224 175.1590003625 0.0069819233
121561 514 1697.8707188387 0.0128531631
121615 551 1128.6026517445 0.0074348001
121693 119 121.0643168541 0.0170994798
121720 465 916.6426512363 0.0084786393
121755 544 1488.1744018782 0.0100574410
121835 641 1956.9559527415 0.0095256812
122360 707 709.1732009803 0.0028375554
122838 258 512.7539172689 0.0154065747
123019 548 1787.2493860106 0.0119029739
123080 194 231.3704502780 0.0122954936
124359 450 964.0697346166 0.0095217234
126298 227 330.3198838693 0.0128209860
126616 299 527.5813507461 0.0118027148
127075 257 31.7887500373 0.0009625954
127384 497 2738.2584864621 0.0221714154
127480 306 341.0064004298 0.0072837379
128620 483 1197.5758187007 0.0102669303
129635 23 5.2551499919 0.0199058712
132641 411 2675.2276696125 0.0316744929
132980 416 275.1421002900 0.0031798226
133047 276 352.3634671806 0.0092514202
133164 330 1934.7420687273 0.0355327793
133469 169 103.9979166548 0.0072827673
133729 213 696.4696174602 0.0307031219
133731 536 3214.4055697245 0.0223770380
134451 202 748.5019839564 0.0366885760
134744 280 477.9510840748 0.0121927852
134869 120 177.8374501947 0.0247013612
134984 276 688.2640175110 0.0180706011
135024 402 1141.9842350391 0.0141332059
135247 131 203.0709668199 0.0236679449
135865 275 313.3996337590 0.0082883644
135914 208 401.0224172168 0.0185388169
137067 208 249.8437002355 0.0115499942
137357 111 123.8367835226 0.0201033739
137394 285 464.3455173915 0.0114337023
138345 502 1333.5831689433 0.0105838674
138404 492 3086.9877530774 0.0255056556
138470 56 48.9041000365 0.0311987879
138487 13 1.2254833443 0.0145890874
138490 346 2429.5669693136 0.0405891821
138701 339 816.9280013086 0.0142173338
138703 384 2597.4104529341 0.0352298729
140061 337 398.7778672150 0.0070227153
140900 197 449.1979836955 0.0231497621
141097 465 2782.0139525481 0.0257327027
141098 506 992.3466680551 0.0077516485
141390 347 2012.8984689356 0.0334346301
142096 200 1094.4063838948 0.0547216872
143444 120 125.7462002430 0.0174659629
143869 90 82.1291500990 0.0202813064
145161 189 264.6784669994 0.0148196230
146735 229 263.1744003502 0.0100371625
147302 302 581.7828341670 0.0127579758
155794 605 4574.8024218110 0.0249972812
155795 535 3945.7268039150 0.0275709011
156615 129 62.6999667393 0.0075360537
160203 18 2.4847833359 0.0153856553
160231 189 309.3943170161 0.0173233100
160260 22 3.4981499761 0.0144850931
160597 106 134.4600001233 0.0239359146
160607 140 362.4162336015 0.0369831352
161926 371 2747.2940024470 0.0399199942
260892 82 73.7327500290 0.0219344787